AMBIENT LIGHT:
	Ratio: 0.300000
	RGB: 255 255 255
CAMERA:
	Viewpoint: 0.000000 -200.000000 0.000000
	Vec: 0.000000 1.000000 0.000000
	FOV: 70.000000
LIGHTS:
	Coord: 0.000000 0.000000 156.000000
	Ratio: 1.000000
	RGB: 0 0 255
	------------------------------------
	Coord: 0.000000 -200.000000 0.000000
	Ratio: 1.000000
	RGB: 0 255 0
	------------------------------------
	Coord: 500.000000 0.000000 0.000000
	Ratio: 1.000000
	RGB: 255 0 0
	------------------------------------
SPHERES:
	Coord: 0.000000 0.000000 0.000000
	Radius: 50.000000
	RGB: 76 76 76
     ---------------------------------------------------
	Coord: 0.000000 0.000000 150.000000
	Radius: 5.000000
	RGB: 0 0 76
     ---------------------------------------------------
	Coord: 0.000000 -150.000000 0.000000
	Radius: 5.000000
	RGB: 0 76 0
     ---------------------------------------------------
	Coord: 150.000000 0.000000 0.000000
	Radius: 5.000000
	RGB: 76 0 0
     ---------------------------------------------------
200.743059
200.868461
200.793127
200.619252
200.353925
199.949945
201.330935
201.529408
201.545516
201.476501
201.347072
201.166022
200.934649
200.647570
200.287933
199.800549
201.722670
201.908289
201.944112
201.902117
201.805040
201.662759
201.479538
201.256115
200.989950
200.673956
200.291851
199.798784
201.845585
202.117227
202.198239
202.192233
202.128247
202.018971
201.870703
201.686357
201.466481
201.209402
200.910584
200.560578
200.138698
199.584436
202.165199
202.328350
202.372611
202.347781
202.272893
202.157260
202.005777
201.820784
201.602748
201.350360
201.060108
200.724980
200.330887
199.844330
199.125696
201.934416
202.313456
202.440173
202.468467
202.434749
202.354501
202.235670
202.082545
201.897208
201.680088
201.430041
201.144001
200.815963
200.434302
199.973472
199.351805
202.022629
202.358656
202.475562
202.499215
202.462833
202.380952
202.261137
202.107503
201.922057
201.705218
201.455887
201.171131
200.845224
200.467213
200.013538
199.413310
201.934416
202.313456
202.440173
202.468467
202.434749
202.354501
202.235670
202.082545
201.897208
201.680088
201.430041
201.144001
200.815963
200.434302
199.973472
199.351805
202.165199
202.328350
202.372611
202.347781
202.272893
202.157260
202.005777
201.820784
201.602748
201.350360
201.060108
200.724980
200.330887
199.844330
199.125696
201.845585
202.117227
202.198239
202.192233
202.128247
202.018971
201.870703
201.686357
201.466481
201.209402
200.910584
200.560578
200.138698
199.584436
201.722670
201.908289
201.944112
201.902117
201.805040
201.662759
201.479538
201.256115
200.989950
200.673956
200.291851
199.798784
201.330935
201.529408
201.545516
201.476501
201.347072
201.166022
200.934649
200.647570
200.287933
199.800549
200.743059
200.868461
200.793127
200.619252
200.353925
199.949945
fps: 11.90                   fps: 187.65                   fps: 30.00                   fps: 30.00                   fps: 30.00                   fps: 30.00                   fps: 30.00                   fps: 30.00                   fps: 30.00                   fps: 30.00                   fps: 30.00                   fps: 30.00                   fps: 30.00                   fps: 30.00                   fps: 30.00                   fps: 30.00                   fps: 30.00                   fps: 30.00                   fps: 30.00                   fps: 30.00                   fps: 30.00                   fps: 30.00                   fps: 30.00                   fps: 30.00                   fps: 30.00                   fps: 30.00                   fps: 30.00                   fps: 30.00                   fps: 30.00                   fps: 30.00                   fps: 30.00                   fps: 30.00                   fps: 30.00                   fps: 30.00                   fps: 30.00                   fps: 30.00                   fps: 30.00                   fps: 30.00                   fps: 30.00                   fps: 30.00                   fps: 30.00                   fps: 30.00                   fps: 30.00                   fps: 30.00                   fps: 30.00                   fps: 30.00                   fps: 30.00                   fps: 30.00                   fps: 30.00                   fps: 30.00                   fps: 30.00                   fps: 30.00                   fps: 30.00                   fps: 30.00                   fps: 30.00                   fps: 30.00                   fps: 30.00                   fps: 30.00                   fps: 30.00                   fps: 30.00                   fps: 30.00                   fps: 30.00                   fps: 30.00                   fps: 30.00                   fps: 30.00                   fps: 30.00                   fps: 30.00                   fps: 30.00                   fps: 30.00                   fps: 30.00                   Linux destroy
